Results:
Done!
Best: f([2.36270202 1.5738883  2.21797832 1.119104   0.99389091 2.40531858
 1.45385248 1.75619512 1.96352537 1.22221784 1.77254185 1.70049159
 1.37748783 1.57077236 1.51545233 1.25174742 1.93854986 2.02790561
 2.10172956 1.64747257 1.60701321 1.06172265 1.66890069 1.5039473
 0.99278834 1.30711539 1.8653491  1.1105711  1.59771331 1.85868577]) = -27.210657521947663
Running time : 8.998838901519775 seconds
Done!
Best: f([2.15978203 1.56962185 1.28913878 1.92762008 1.71803676 2.01256557
 0.83214934 2.35627838 0.74365647 2.53264093 1.49761953 1.1098041
 1.37748783 1.77930105 1.71803676 1.66899656 1.20261135 1.73658862
 1.52168422 1.64694525 0.8402508  0.82011699 0.80995421 1.36238748
 1.17557453 1.79785292 2.1352859  1.73093198 1.48640213 1.76793983]) = -26.37882044135866
Running time : 9.363433599472046 seconds
Done!
Best: f([2.21050004 1.56583478 1.28933053 1.11843287 0.98157093 1.57048473
 1.45428391 2.35651807 1.96352537 1.57058061 2.0126135  1.10443508
 1.06824217 1.32744094 1.71803676 1.47264403 2.08648539 0.90745936
 0.88257973 1.92359332 2.22095045 1.70571679 2.22099839 1.87148512
 2.03720551 1.57062855 1.76247494 1.11100254 1.59785712 1.462673  ]) = -27.218700425746363
Running time : 9.36029601097107 seconds
Done!
Best: f([2.20081664 1.56990948 2.20872635 1.92670927 1.71784501 1.57005329
 1.45227053 1.75796881 1.28228369 1.57101205 2.22095045 1.92670927
 1.63256396 1.57101205 2.6282765  1.46957602 1.78543707 1.88989317
 1.69066437 1.64440456 1.28237957 2.06481758 2.01860571 1.19968716
 1.33304965 2.17828596 1.8638151  1.39230056 2.0628042  1.46252919]) = -27.749423387487447
Running time : 8.899878025054932 seconds
Done!
Best: f([2.20431609 1.57283368 2.20882223 1.12902709 0.99710273 0.88353848
 0.83445034 1.75557193 2.22123807 1.85293325 2.0095455  1.92416857
 1.37441982 1.57058061 1.28319451 2.15096151 1.61990843 1.38558929
 2.10115431 0.85889854 1.60758846 1.57086823 1.3898078  1.3622916
 0.99403472 1.68754843 1.4184745  0.93919407 1.48798407 1.5708203 ]) = -27.188464669369488
Running time : 9.117714405059814 seconds
