Results:
Done!
Best: f([429.48805982 423.33867399 418.48630503 416.60944533 429.44228275
 421.75173571 421.38551919 421.6754406  434.59983215 419.43236439
 421.950103   421.17189288 430.26626993 437.51430533 413.3134966
 408.14068818 409.98702983 414.35111009 419.73754482 414.51895933
 434.7066453  427.67223621 419.27977417 419.9969482  418.68467231
 419.70702678 434.41672389 421.56862745 414.38162814 420.75989929]) = 203.99874530936904
Running time : 83.66498947143555 seconds
Done!
Best: f([418.28793774 408.2932784  409.74288548 416.86884871 424.20843824
 427.22972457 426.74143587 422.65201801 417.83016709 433.104448
 413.02357519 421.55336843 419.96643015 407.19462882 424.65094987
 415.78545815 434.79819944 410.20065614 423.72014954 420.92774853
 428.19104295 409.02571145 420.11902037 426.131075   427.12291142
 401.73189899 415.64812696 427.36705577 419.15770199 422.27054246]) = 233.0513243136229
Running time : 84.71190571784973 seconds
Done!
Best: f([414.2137789  436.88868544 411.90966659 409.91073472 433.80636301
 426.46677348 423.58281834 421.11085679 413.29823758 418.76096742
 408.47638666 423.09452964 417.34187839 425.79537652 434.15732052
 399.13786526 413.11512932 417.46395056 430.61722744 420.18005646
 423.56755932 415.75494011 423.14030671 413.05409323 416.92988479
 427.27550164 411.97070268 419.63073167 419.47814145 421.29396506]) = 252.6744449228372
Running time : 81.72902989387512 seconds
Done!
Best: f([428.78614481 422.52994583 424.84931716 419.0966659  421.79751278
 417.02143893 411.23826963 426.46677348 420.37842374 429.18287938
 416.42633707 421.47707332 418.27267872 420.56153201 415.1903563
 419.67650874 421.62966354 433.44014649 427.71801328 413.40505074
 427.88586252 410.29221027 432.53986419 428.34363317 424.23895628
 434.23361563 424.33051041 416.6552224  427.91638056 432.90608072]) = 172.4230464542943
Running time : 81.58872056007385 seconds
Done!
Best: f([419.17296101 417.6317998  431.96002136 426.6193637  436.64454108
 415.99908446 422.86564431 413.81704433 422.65201801 422.97245747
 427.13817044 427.16868849 435.37804227 419.64599069 420.6988632
 437.28542    413.29823758 434.20309758 413.7254902  436.17151141
 415.72442206 416.92988479 428.60303655 412.88624399 427.96215763
 409.63607233 429.13710231 422.83512627 427.30601968 419.49340047]) = 254.48704403976444
Running time : 81.26092314720154 seconds
